version https://git-lfs.github.com/spec/v1
oid sha256:0a84873cccd87c0d18afb85bef20ae731f6f0b44348cb2944969836fef7cb4b7
size 212068
